LR:0.690(0.230)
[0.7724867724867726, 0.7578947368421053, 0.7684210526315789, 0.7684210526315789, 0.7748691099476439, 0.7724867724867726, 0.7593582887700534, 0.7553191489361702, 0.768421052631579, 0.0]


LDA:0.662(0.073)
[0.7472527472527473, 0.7403314917127072, 0.7044025157232704, 0.49612403100775193, 0.6046511627906976, 0.7251461988304094, 0.6823529411764705, 0.626865671641791, 0.6259541984732825, 0.6666666666666665]


KNN:0.696(0.040)
[0.6708074534161491, 0.6490066225165563, 0.6993865030674847, 0.6538461538461539, 0.7564102564102565, 0.7073170731707318, 0.6415094339622641, 0.7195121951219512, 0.7619047619047619, 0.7]


CART:0.675(0.037)
[0.6338028169014084, 0.5985401459854015, 0.6938775510204082, 0.6802721088435374, 0.6756756756756757, 0.7058823529411764, 0.6666666666666667, 0.6802721088435374, 0.7432432432432433, 0.6713286713286712]


NB:0.697(0.224)
[0.7708333333333333, 0.7708333333333333, 0.7708333333333333, 0.7748691099476439, 0.7748691099476439, 0.7748691099476439, 0.768421052631579, 0.768421052631579, 0.768421052631579, 0.02631578947368421]


SVM:0.768(0.005)
[0.7708333333333333, 0.7708333333333333, 0.7708333333333333, 0.7619047619047619, 0.7748691099476439, 0.7553191489361701, 0.768421052631579, 0.768421052631579, 0.768421052631579, 0.768421052631579]


RF:0.743(0.027)
[0.7647058823529412, 0.7239263803680981, 0.7790697674418605, 0.7407407407407407, 0.7515151515151516, 0.7515151515151516, 0.7368421052631579, 0.7272727272727272, 0.7710843373493976, 0.6792452830188678]



f1
LR:0.690(0.230)
[0.7724867724867726, 0.7578947368421053, 0.7684210526315789, 0.7684210526315789, 0.7748691099476439, 0.7724867724867726, 0.7593582887700534, 0.7553191489361702, 0.768421052631579, 0.0]


LDA:0.662(0.073)
[0.7472527472527473, 0.7403314917127072, 0.7044025157232704, 0.49612403100775193, 0.6046511627906976, 0.7251461988304094, 0.6823529411764705, 0.626865671641791, 0.6259541984732825, 0.6666666666666665]


KNN:0.696(0.040)
[0.6708074534161491, 0.6490066225165563, 0.6993865030674847, 0.6538461538461539, 0.7564102564102565, 0.7073170731707318, 0.6415094339622641, 0.7195121951219512, 0.7619047619047619, 0.7]


CART:0.672(0.041)
[0.6099290780141844, 0.6086956521739131, 0.6808510638297873, 0.6376811594202898, 0.652482269503546, 0.6979865771812082, 0.6875000000000001, 0.7346938775510203, 0.7222222222222221, 0.6845637583892618]


NB:0.697(0.224)
[0.7708333333333333, 0.7708333333333333, 0.7708333333333333, 0.7748691099476439, 0.7748691099476439, 0.7748691099476439, 0.768421052631579, 0.768421052631579, 0.768421052631579, 0.02631578947368421]


SVM:0.768(0.005)
[0.7708333333333333, 0.7708333333333333, 0.7708333333333333, 0.7619047619047619, 0.7748691099476439, 0.7553191489361701, 0.768421052631579, 0.768421052631579, 0.768421052631579, 0.768421052631579]


RF:0.752(0.035)
[0.7745664739884393, 0.7421383647798743, 0.7810650887573964, 0.7682926829268292, 0.7375, 0.7630057803468207, 0.7325581395348837, 0.7349397590361444, 0.8121212121212121, 0.6748466257668713]


