LR:0.886(0.296)
[0.9864864864864865, 0.972972972972973, 0.9864864864864865, 0.9864864864864865, 1.0, 0.9864864864864865, 0.9726027397260274, 0.9726027397260274, 1.0, 0.0]


LDA:0.708(0.162)
[0.918918918918919, 0.9054054054054054, 0.7567567567567568, 0.43243243243243246, 0.527027027027027, 0.8378378378378378, 0.7945205479452054, 0.5753424657534246, 0.5616438356164384, 0.7671232876712328]


KNN:0.758(0.061)
[0.7297297297297297, 0.6621621621621622, 0.7702702702702703, 0.6891891891891891, 0.7972972972972973, 0.7837837837837838, 0.6986301369863014, 0.8082191780821918, 0.8767123287671232, 0.7671232876712328]


CART:0.670(0.052)
[0.6081081081081081, 0.5540540540540541, 0.7027027027027027, 0.7027027027027027, 0.6621621621621622, 0.6756756756756757, 0.6712328767123288, 0.6986301369863014, 0.7534246575342466, 0.6712328767123288]


NB:0.901(0.296)
[1.0, 1.0, 1.0, 1.0, 1.0, 1.0, 1.0, 1.0, 1.0, 0.0136986301369863]


SVM:0.993(0.014)
[1.0, 1.0, 1.0, 0.972972972972973, 1.0, 0.9594594594594594, 1.0, 1.0, 1.0, 1.0]


RF:0.848(0.037)
[0.8783783783783784, 0.8378378378378378, 0.8783783783783784, 0.8108108108108109, 0.8243243243243243, 0.8783783783783784, 0.863013698630137, 0.8493150684931506, 0.8904109589041096, 0.7671232876712328]



recall
LR:0.886(0.296)
[0.9864864864864865, 0.972972972972973, 0.9864864864864865, 0.9864864864864865, 1.0, 0.9864864864864865, 0.9726027397260274, 0.9726027397260274, 1.0, 0.0]


LDA:0.708(0.162)
[0.918918918918919, 0.9054054054054054, 0.7567567567567568, 0.43243243243243246, 0.527027027027027, 0.8378378378378378, 0.7945205479452054, 0.5753424657534246, 0.5616438356164384, 0.7671232876712328]


KNN:0.758(0.061)
[0.7297297297297297, 0.6621621621621622, 0.7702702702702703, 0.6891891891891891, 0.7972972972972973, 0.7837837837837838, 0.6986301369863014, 0.8082191780821918, 0.8767123287671232, 0.7671232876712328]


CART:0.678(0.051)
[0.6486486486486487, 0.5945945945945946, 0.7162162162162162, 0.6351351351351351, 0.6486486486486487, 0.7297297297297297, 0.7671232876712328, 0.6986301369863014, 0.7123287671232876, 0.6301369863013698]


NB:0.901(0.296)
[1.0, 1.0, 1.0, 1.0, 1.0, 1.0, 1.0, 1.0, 1.0, 0.0136986301369863]


SVM:0.993(0.014)
[1.0, 1.0, 1.0, 0.972972972972973, 1.0, 0.9594594594594594, 1.0, 1.0, 1.0, 1.0]


RF:0.836(0.037)
[0.8918918918918919, 0.7837837837837838, 0.8783783783783784, 0.8378378378378378, 0.8513513513513513, 0.8243243243243243, 0.8356164383561644, 0.821917808219178, 0.863013698630137, 0.7671232876712328]


