ScaledLR:0.689(0.031)
[0.7225806451612903, 0.6973684210526315, 0.6580645161290323, 0.6578947368421052, 0.7066666666666668, 0.6883116883116882, 0.6829268292682927, 0.7096774193548389, 0.7333333333333334, 0.6301369863013698]


ScaledLDA:0.647(0.042)
[0.64, 0.6758620689655171, 0.6442953020134228, 0.6, 0.6478873239436619, 0.6301369863013699, 0.6545454545454545, 0.6577181208053691, 0.7417218543046357, 0.5753424657534246]


ScaledKNN:0.712(0.026)
[0.691358024691358, 0.6797385620915033, 0.7160493827160493, 0.7179487179487181, 0.7564102564102565, 0.703030303030303, 0.7151515151515151, 0.6794871794871795, 0.7590361445783131, 0.7065868263473053]


ScaledCART:0.678(0.030)
[0.6344827586206897, 0.6382978723404256, 0.6713286713286714, 0.6993006993006994, 0.6573426573426574, 0.6887417218543046, 0.7169811320754716, 0.6896551724137931, 0.726027397260274, 0.661764705882353]


ScaledNB:0.121(0.045)
[0.0759493670886076, 0.12195121951219512, 0.0759493670886076, 0.21176470588235297, 0.16867469879518074, 0.16867469879518074, 0.1, 0.10389610389610389, 0.07692307692307691, 0.10126582278481013]


ScaledSVM:0.770(0.014)
[0.7700534759358288, 0.745945945945946, 0.7608695652173914, 0.7868852459016393, 0.7891891891891892, 0.7765957446808511, 0.7675675675675675, 0.7567567567567568, 0.7891891891891891, 0.7582417582417583]


ScaledRF:0.744(0.028)
[0.718562874251497, 0.7283950617283949, 0.7647058823529412, 0.736196319018405, 0.7654320987654323, 0.7590361445783131, 0.7398843930635838, 0.7272727272727272, 0.8, 0.6956521739130435]


