
accuracy
LR:0.598(0.075)
[0.635593220338983, 0.6101694915254238, 0.6271186440677966, 0.6239316239316239, 0.6324786324786325, 0.6324786324786325, 0.6153846153846154, 0.6068376068376068, 0.6239316239316239, 0.37606837606837606]


LDA:0.563(0.048)
[0.6101694915254238, 0.6016949152542372, 0.6016949152542372, 0.4444444444444444, 0.5641025641025641, 0.5982905982905983, 0.5384615384615384, 0.5726495726495726, 0.5811965811965812, 0.5213675213675214]


KNN:0.586(0.049)
[0.5508474576271186, 0.5508474576271186, 0.5847457627118644, 0.5384615384615384, 0.6752136752136753, 0.5897435897435898, 0.5128205128205128, 0.6068376068376068, 0.6581196581196581, 0.5897435897435898]


CART:0.595(0.027)
[0.5677966101694916, 0.5423728813559322, 0.6186440677966102, 0.5982905982905983, 0.5982905982905983, 0.5897435897435898, 0.5811965811965812, 0.6068376068376068, 0.6495726495726496, 0.5982905982905983]


NB:0.602(0.078)
[0.6271186440677966, 0.6271186440677966, 0.6271186440677966, 0.6324786324786325, 0.6324786324786325, 0.6324786324786325, 0.6239316239316239, 0.6239316239316239, 0.6239316239316239, 0.36752136752136755]


SVM:0.623(0.007)
[0.6271186440677966, 0.6271186440677966, 0.6271186440677966, 0.6153846153846154, 0.6324786324786325, 0.6068376068376068, 0.6239316239316239, 0.6239316239316239, 0.6239316239316239, 0.6239316239316239]


RF:0.650(0.032)
[0.6694915254237288, 0.6440677966101694, 0.6610169491525424, 0.6581196581196581, 0.7008547008547008, 0.6666666666666666, 0.6153846153846154, 0.6153846153846154, 0.6752136752136753, 0.5897435897435898]



accuracy
LR:0.598(0.075)
[0.635593220338983, 0.6101694915254238, 0.6271186440677966, 0.6239316239316239, 0.6324786324786325, 0.6324786324786325, 0.6153846153846154, 0.6068376068376068, 0.6239316239316239, 0.37606837606837606]


LDA:0.563(0.048)
[0.6101694915254238, 0.6016949152542372, 0.6016949152542372, 0.4444444444444444, 0.5641025641025641, 0.5982905982905983, 0.5384615384615384, 0.5726495726495726, 0.5811965811965812, 0.5213675213675214]


KNN:0.586(0.049)
[0.5508474576271186, 0.5508474576271186, 0.5847457627118644, 0.5384615384615384, 0.6752136752136753, 0.5897435897435898, 0.5128205128205128, 0.6068376068376068, 0.6581196581196581, 0.5897435897435898]


CART:0.599(0.040)
[0.5423728813559322, 0.5677966101694916, 0.6016949152542372, 0.6324786324786325, 0.6153846153846154, 0.5982905982905983, 0.5299145299145299, 0.6410256410256411, 0.6581196581196581, 0.5982905982905983]


NB:0.602(0.078)
[0.6271186440677966, 0.6271186440677966, 0.6271186440677966, 0.6324786324786325, 0.6324786324786325, 0.6324786324786325, 0.6239316239316239, 0.6239316239316239, 0.6239316239316239, 0.36752136752136755]


SVM:0.623(0.007)
[0.6271186440677966, 0.6271186440677966, 0.6271186440677966, 0.6153846153846154, 0.6324786324786325, 0.6068376068376068, 0.6239316239316239, 0.6239316239316239, 0.6239316239316239, 0.6239316239316239]


RF:0.649(0.037)
[0.635593220338983, 0.652542372881356, 0.6610169491525424, 0.6495726495726496, 0.6837606837606838, 0.6837606837606838, 0.5982905982905983, 0.6324786324786325, 0.7094017094017094, 0.5811965811965812]


