
precision
LR:0.565(0.188)
[0.6347826086956522, 0.6206896551724138, 0.6293103448275862, 0.6293103448275862, 0.6324786324786325, 0.6347826086956522, 0.6228070175438597, 0.6173913043478261, 0.6239316239316239, 0.0]


LDA:0.643(0.045)
[0.6296296296296297, 0.6261682242990654, 0.6588235294117647, 0.5818181818181818, 0.7090909090909091, 0.6391752577319587, 0.5979381443298969, 0.6885245901639344, 0.7068965517241379, 0.5894736842105263]


KNN:0.644(0.032)
[0.6206896551724138, 0.6363636363636364, 0.6404494382022472, 0.6219512195121951, 0.7195121951219512, 0.6444444444444445, 0.5930232558139535, 0.6483516483516484, 0.6736842105263158, 0.6436781609195402]


CART:0.692(0.022)
[0.6714285714285714, 0.6923076923076923, 0.7, 0.7142857142857143, 0.68, 0.6923076923076923, 0.6455696202531646, 0.7183098591549296, 0.7222222222222222, 0.6794871794871795]


NB:0.598(0.088)
[0.6271186440677966, 0.6271186440677966, 0.6271186440677966, 0.6324786324786325, 0.6324786324786325, 0.6324786324786325, 0.6239316239316239, 0.6239316239316239, 0.6239316239316239, 0.3333333333333333]


SVM:0.626(0.003)
[0.6271186440677966, 0.6271186440677966, 0.6271186440677966, 0.6260869565217392, 0.6324786324786325, 0.6228070175438597, 0.6239316239316239, 0.6239316239316239, 0.6239316239316239, 0.6239316239316239]


RF:0.676(0.020)
[0.6701030927835051, 0.686046511627907, 0.6847826086956522, 0.6896551724137931, 0.6931818181818182, 0.6774193548387096, 0.6458333333333334, 0.6704545454545454, 0.7065217391304348, 0.6395348837209303]



precision
LR:0.565(0.188)
[0.6347826086956522, 0.6206896551724138, 0.6293103448275862, 0.6293103448275862, 0.6324786324786325, 0.6347826086956522, 0.6228070175438597, 0.6173913043478261, 0.6239316239316239, 0.0]


LDA:0.643(0.045)
[0.6296296296296297, 0.6261682242990654, 0.6588235294117647, 0.5818181818181818, 0.7090909090909091, 0.6391752577319587, 0.5979381443298969, 0.6885245901639344, 0.7068965517241379, 0.5894736842105263]


KNN:0.644(0.032)
[0.6206896551724138, 0.6363636363636364, 0.6404494382022472, 0.6219512195121951, 0.7195121951219512, 0.6444444444444445, 0.5930232558139535, 0.6483516483516484, 0.6736842105263158, 0.6436781609195402]


CART:0.692(0.028)
[0.6764705882352942, 0.6666666666666666, 0.7123287671232876, 0.704225352112676, 0.6805555555555556, 0.7142857142857143, 0.6309523809523809, 0.7123287671232876, 0.7297297297297297, 0.6956521739130435]


NB:0.598(0.088)
[0.6271186440677966, 0.6271186440677966, 0.6271186440677966, 0.6324786324786325, 0.6324786324786325, 0.6324786324786325, 0.6239316239316239, 0.6239316239316239, 0.6239316239316239, 0.3333333333333333]


SVM:0.626(0.003)
[0.6271186440677966, 0.6271186440677966, 0.6271186440677966, 0.6260869565217392, 0.6324786324786325, 0.6228070175438597, 0.6239316239316239, 0.6239316239316239, 0.6239316239316239, 0.6239316239316239]


RF:0.675(0.025)
[0.6464646464646465, 0.6774193548387096, 0.7065217391304348, 0.6853932584269663, 0.6931818181818182, 0.6847826086956522, 0.638095238095238, 0.6888888888888889, 0.6947368421052632, 0.6333333333333333]


