
f1
LR:0.690(0.230)
[0.7724867724867726, 0.7578947368421053, 0.7684210526315789, 0.7684210526315789, 0.7748691099476439, 0.7724867724867726, 0.7593582887700534, 0.7553191489361702, 0.768421052631579, 0.0]


LDA:0.662(0.073)
[0.7472527472527473, 0.7403314917127072, 0.7044025157232704, 0.49612403100775193, 0.6046511627906976, 0.7251461988304094, 0.6823529411764705, 0.626865671641791, 0.6259541984732825, 0.6666666666666665]


KNN:0.696(0.040)
[0.6708074534161491, 0.6490066225165563, 0.6993865030674847, 0.6538461538461539, 0.7564102564102565, 0.7073170731707318, 0.6415094339622641, 0.7195121951219512, 0.7619047619047619, 0.7]


CART:0.670(0.052)
[0.6013986013986014, 0.5839416058394161, 0.6938775510204082, 0.7272727272727273, 0.652482269503546, 0.6938775510204082, 0.6455696202531646, 0.726027397260274, 0.7432432432432433, 0.6351351351351352]


NB:0.697(0.224)
[0.7708333333333333, 0.7708333333333333, 0.7708333333333333, 0.7748691099476439, 0.7748691099476439, 0.7748691099476439, 0.768421052631579, 0.768421052631579, 0.768421052631579, 0.02631578947368421]


SVM:0.768(0.005)
[0.7708333333333333, 0.7708333333333333, 0.7708333333333333, 0.7619047619047619, 0.7748691099476439, 0.7553191489361701, 0.768421052631579, 0.768421052631579, 0.768421052631579, 0.768421052631579]


RF:0.751(0.025)
[0.7602339181286549, 0.736196319018405, 0.7784431137724551, 0.75, 0.751592356687898, 0.7664670658682636, 0.7368421052631579, 0.7515151515151515, 0.7878787878787878, 0.691358024691358]



f1
LR:0.690(0.230)
[0.7724867724867726, 0.7578947368421053, 0.7684210526315789, 0.7684210526315789, 0.7748691099476439, 0.7724867724867726, 0.7593582887700534, 0.7553191489361702, 0.768421052631579, 0.0]


LDA:0.662(0.073)
[0.7472527472527473, 0.7403314917127072, 0.7044025157232704, 0.49612403100775193, 0.6046511627906976, 0.7251461988304094, 0.6823529411764705, 0.626865671641791, 0.6259541984732825, 0.6666666666666665]


KNN:0.696(0.040)
[0.6708074534161491, 0.6490066225165563, 0.6993865030674847, 0.6538461538461539, 0.7564102564102565, 0.7073170731707318, 0.6415094339622641, 0.7195121951219512, 0.7619047619047619, 0.7]


CART:0.669(0.034)
[0.6164383561643835, 0.6131386861313869, 0.676056338028169, 0.6805555555555556, 0.652482269503546, 0.7114093959731544, 0.6405228758169935, 0.6993006993006993, 0.7083333333333335, 0.6896551724137931]


NB:0.697(0.224)
[0.7708333333333333, 0.7708333333333333, 0.7708333333333333, 0.7748691099476439, 0.7748691099476439, 0.7748691099476439, 0.768421052631579, 0.768421052631579, 0.768421052631579, 0.02631578947368421]


SVM:0.768(0.005)
[0.7708333333333333, 0.7708333333333333, 0.7708333333333333, 0.7619047619047619, 0.7748691099476439, 0.7553191489361701, 0.768421052631579, 0.768421052631579, 0.768421052631579, 0.768421052631579]


RF:0.752(0.036)
[0.7771428571428572, 0.7349397590361446, 0.7928994082840236, 0.7682926829268292, 0.7804878048780488, 0.7692307692307693, 0.6941176470588235, 0.7439024390243901, 0.7777777777777778, 0.6832298136645963]


