
precision
LR:0.200(0.400)
[0.0, 0.0, 0.0, 0.0, 1.0, 0.0, 0.0, 1.0, 0.0, 0.0]


LDA:0.588(0.415)
[0.5869565217391305, 0.6363636363636364, 1.0, 0.6530612244897959, 0.0, 1.0, 0.0, 1.0, 0.0, 1.0]


KNN:0.728(0.055)
[0.8095238095238095, 0.75, 0.75, 0.7586206896551724, 0.6428571428571429, 0.6428571428571429, 0.76, 0.7727272727272727, 0.7241379310344828, 0.6666666666666666]


CART:0.631(0.006)
[0.62, 0.6363636363636364, 0.6274509803921569, 0.6363636363636364, 0.6346153846153846, 0.6274509803921569, 0.6346153846153846, 0.6222222222222222, 0.64, 0.6326530612244898]


NB:0.582(0.194)
[0.6428571428571429, 0.6296296296296297, 0.6428571428571429, 0.6428571428571429, 0.6428571428571429, 0.6428571428571429, 0.0, 0.6607142857142857, 0.6607142857142857, 0.6545454545454545]


SVM:0.651(0.008)
[0.6491228070175439, 0.6491228070175439, 0.6428571428571429, 0.6428571428571429, 0.6428571428571429, 0.6428571428571429, 0.6607142857142857, 0.6607142857142857, 0.6607142857142857, 0.6607142857142857]


RF:0.645(0.011)
[0.6346153846153846, 0.6428571428571429, 0.6481481481481481, 0.6428571428571429, 0.6363636363636364, 0.6296296296296297, 0.6545454545454545, 0.6382978723404256, 0.6666666666666666, 0.6607142857142857]


