
accuracy
LR:0.352(0.017)
[0.3508771929824561, 0.3508771929824561, 0.35714285714285715, 0.3392857142857143, 0.39285714285714285, 0.3392857142857143, 0.3392857142857143, 0.375, 0.3392857142857143, 0.3392857142857143]


LDA:0.428(0.107)
[0.49122807017543857, 0.6140350877192983, 0.44642857142857145, 0.625, 0.35714285714285715, 0.375, 0.32142857142857145, 0.35714285714285715, 0.3392857142857143, 0.35714285714285715]


KNN:0.560(0.047)
[0.5789473684210527, 0.5614035087719298, 0.5, 0.625, 0.5, 0.6428571428571429, 0.5714285714285714, 0.5535714285714286, 0.5714285714285714, 0.5]


CART:0.601(0.025)
[0.5614035087719298, 0.631578947368421, 0.6071428571428571, 0.625, 0.6071428571428571, 0.5892857142857143, 0.6428571428571429, 0.5714285714285714, 0.5892857142857143, 0.5892857142857143]


NB:0.609(0.097)
[0.631578947368421, 0.5964912280701754, 0.6428571428571429, 0.6428571428571429, 0.6428571428571429, 0.6428571428571429, 0.32142857142857145, 0.6607142857142857, 0.6607142857142857, 0.6428571428571429]


SVM:0.651(0.008)
[0.6491228070175439, 0.6491228070175439, 0.6428571428571429, 0.6428571428571429, 0.6428571428571429, 0.6428571428571429, 0.6607142857142857, 0.6607142857142857, 0.6607142857142857, 0.6607142857142857]


RF:0.628(0.025)
[0.5964912280701754, 0.631578947368421, 0.6428571428571429, 0.6428571428571429, 0.625, 0.625, 0.6428571428571429, 0.5714285714285714, 0.6607142857142857, 0.6428571428571429]


