
f1
LR:0.021(0.042)
[0.0, 0.0, 0.0, 0.0, 0.10526315789473684, 0.0, 0.0, 0.10256410256410257, 0.0, 0.0]


LDA:0.257(0.313)
[0.6506024096385542, 0.7608695652173914, 0.24390243902439027, 0.7529411764705882, 0.0, 0.05405405405405406, 0.0, 0.052631578947368425, 0.0, 0.052631578947368425]


KNN:0.605(0.080)
[0.5862068965517242, 0.5901639344262296, 0.46153846153846156, 0.676923076923077, 0.5625000000000001, 0.782608695652174, 0.6129032258064517, 0.576271186440678, 0.6363636363636365, 0.5625]


CART:0.740(0.025)
[0.7126436781609196, 0.7741935483870968, 0.735632183908046, 0.7692307692307692, 0.7640449438202246, 0.7415730337078651, 0.7415730337078652, 0.691358024691358, 0.7499999999999999, 0.7209302325581396]


NB:0.703(0.235)
[0.7741935483870968, 0.7472527472527473, 0.782608695652174, 0.782608695652174, 0.782608695652174, 0.782608695652174, 0.0, 0.7956989247311829, 0.7956989247311829, 0.782608695652174]


SVM:0.789(0.006)
[0.7872340425531915, 0.7872340425531915, 0.782608695652174, 0.782608695652174, 0.782608695652174, 0.782608695652174, 0.7956989247311829, 0.7956989247311829, 0.7956989247311829, 0.7956989247311829]


RF:0.766(0.026)
[0.7415730337078652, 0.7741935483870968, 0.7777777777777778, 0.782608695652174, 0.7317073170731708, 0.7692307692307692, 0.782608695652174, 0.7142857142857143, 0.8043478260869564, 0.782608695652174]


