
recall
LR:0.011(0.022)
[0.0, 0.0, 0.0, 0.0, 0.05555555555555555, 0.0, 0.0, 0.05405405405405406, 0.0, 0.0]


LDA:0.279(0.383)
[0.7297297297297297, 0.9459459459459459, 0.1388888888888889, 0.8888888888888888, 0.0, 0.027777777777777776, 0.0, 0.02702702702702703, 0.0, 0.02702702702702703]


KNN:0.542(0.168)
[0.4594594594594595, 0.4864864864864865, 0.3333333333333333, 0.6111111111111112, 0.5, 1.0, 0.5135135135135135, 0.4594594594594595, 0.5675675675675675, 0.4864864864864865]


CART:0.891(0.054)
[0.8648648648648649, 0.9459459459459459, 0.8888888888888888, 0.9722222222222222, 0.9166666666666666, 0.8888888888888888, 0.9459459459459459, 0.7837837837837838, 0.8648648648648649, 0.8378378378378378]


NB:0.886(0.297)
[0.972972972972973, 0.918918918918919, 1.0, 1.0, 1.0, 1.0, 0.0, 1.0, 1.0, 0.972972972972973]


SVM:1.000(0.000)
[1.0, 1.0, 1.0, 1.0, 1.0, 1.0, 1.0, 1.0, 1.0, 1.0]


RF:0.948(0.055)
[0.8918918918918919, 0.972972972972973, 0.9444444444444444, 1.0, 0.9722222222222222, 0.9444444444444444, 0.972972972972973, 0.8108108108108109, 1.0, 0.972972972972973]


