
accuracy
LR:0.601(0.076)
[0.3728813559322034, 0.6186440677966102, 0.6271186440677966, 0.6324786324786325, 0.6324786324786325, 0.6324786324786325, 0.6239316239316239, 0.6239316239316239, 0.6239316239316239, 0.6239316239316239]


LDA:0.571(0.086)
[0.635593220338983, 0.6101694915254238, 0.652542372881356, 0.41025641025641024, 0.6153846153846154, 0.4017094017094017, 0.5555555555555556, 0.6068376068376068, 0.6153846153846154, 0.6068376068376068]


KNN:0.558(0.049)
[0.5677966101694916, 0.6016949152542372, 0.5338983050847458, 0.452991452991453, 0.5641025641025641, 0.6495726495726496, 0.5726495726495726, 0.5555555555555556, 0.5641025641025641, 0.5128205128205128]


CART:0.621(0.015)
[0.6271186440677966, 0.6101694915254238, 0.6271186440677966, 0.5982905982905983, 0.6153846153846154, 0.6410256410256411, 0.6153846153846154, 0.6068376068376068, 0.6239316239316239, 0.6495726495726496]


NB:0.625(0.003)
[0.6271186440677966, 0.6186440677966102, 0.6271186440677966, 0.6239316239316239, 0.6324786324786325, 0.6239316239316239, 0.6239316239316239, 0.6239316239316239, 0.6239316239316239, 0.6239316239316239]


SVM:0.627(0.004)
[0.6271186440677966, 0.6271186440677966, 0.6271186440677966, 0.6324786324786325, 0.6324786324786325, 0.6324786324786325, 0.6239316239316239, 0.6239316239316239, 0.6239316239316239, 0.6239316239316239]


RF:0.624(0.013)
[0.635593220338983, 0.6101694915254238, 0.6440677966101694, 0.6153846153846154, 0.6068376068376068, 0.6239316239316239, 0.6324786324786325, 0.6068376068376068, 0.6324786324786325, 0.6324786324786325]


