
recall
LR:0.899(0.300)
[0.0, 0.9864864864864865, 1.0, 1.0, 1.0, 1.0, 1.0, 1.0, 1.0, 1.0]


LDA:0.741(0.362)
[1.0, 0.972972972972973, 0.9459459459459459, 0.10810810810810811, 0.9594594594594594, 0.08108108108108109, 0.4246575342465753, 0.9726027397260274, 0.9863013698630136, 0.958904109589041]


KNN:0.745(0.093)
[0.7432432432432432, 0.7567567567567568, 0.7702702702702703, 0.5, 0.7972972972972973, 0.8513513513513513, 0.7671232876712328, 0.8082191780821918, 0.7808219178082192, 0.6712328767123288]


CART:0.970(0.016)
[0.972972972972973, 0.972972972972973, 0.9864864864864865, 0.9594594594594594, 0.9459459459459459, 0.9594594594594594, 0.958904109589041, 0.958904109589041, 0.9863013698630136, 1.0]


NB:0.996(0.006)
[1.0, 0.9864864864864865, 1.0, 0.9864864864864865, 1.0, 0.9864864864864865, 1.0, 1.0, 1.0, 1.0]


SVM:1.000(0.000)
[1.0, 1.0, 1.0, 1.0, 1.0, 1.0, 1.0, 1.0, 1.0, 1.0]


RF:0.978(0.019)
[1.0, 0.972972972972973, 0.9864864864864865, 0.9459459459459459, 0.9459459459459459, 0.972972972972973, 1.0, 0.9726027397260274, 0.9863013698630136, 1.0]


