
f1
LR:0.693(0.231)
[0.0, 0.7643979057591623, 0.7708333333333333, 0.7748691099476439, 0.7748691099476439, 0.7748691099476439, 0.768421052631579, 0.768421052631579, 0.768421052631579, 0.768421052631579]


LDA:0.621(0.236)
[0.7748691099476439, 0.7578947368421053, 0.7734806629834254, 0.18823529411764708, 0.7593582887700534, 0.14634146341463414, 0.543859649122807, 0.7553191489361702, 0.761904761904762, 0.7526881720430106]


KNN:0.676(0.055)
[0.6832298136645962, 0.7044025157232704, 0.6745562130177515, 0.5362318840579711, 0.6982248520710059, 0.7544910179640719, 0.691358024691358, 0.6941176470588235, 0.6909090909090909, 0.632258064516129]


CART:0.762(0.008)
[0.7659574468085106, 0.7578947368421053, 0.7619047619047619, 0.745945945945946, 0.7619047619047619, 0.7675675675675677, 0.7608695652173912, 0.7553191489361702, 0.7659574468085107, 0.7765957446808511]


NB:0.769(0.003)
[0.7708333333333333, 0.7643979057591623, 0.7708333333333333, 0.7684210526315789, 0.7748691099476439, 0.7684210526315789, 0.768421052631579, 0.768421052631579, 0.768421052631579, 0.768421052631579]


SVM:0.771(0.003)
[0.7708333333333333, 0.7708333333333333, 0.7708333333333333, 0.7748691099476439, 0.7748691099476439, 0.7748691099476439, 0.768421052631579, 0.768421052631579, 0.768421052631579, 0.768421052631579]


RF:0.767(0.006)
[0.7748691099476439, 0.7578947368421053, 0.7724867724867726, 0.7593582887700534, 0.7619047619047619, 0.7634408602150536, 0.7659574468085107, 0.761904761904762, 0.7724867724867724, 0.7765957446808511]


