
precision
LR:0.564(0.188)
[0.0, 0.6239316239316239, 0.6271186440677966, 0.6324786324786325, 0.6324786324786325, 0.6324786324786325, 0.6239316239316239, 0.6239316239316239, 0.6239316239316239, 0.6239316239316239]


LDA:0.663(0.055)
[0.6324786324786325, 0.6206896551724138, 0.6542056074766355, 0.7272727272727273, 0.6283185840707964, 0.75, 0.7560975609756098, 0.6173913043478261, 0.6206896551724138, 0.6194690265486725]


KNN:0.622(0.028)
[0.632183908045977, 0.6588235294117647, 0.6, 0.578125, 0.6210526315789474, 0.6774193548387096, 0.6292134831460674, 0.6082474226804123, 0.6195652173913043, 0.5975609756097561]


CART:0.627(0.010)
[0.631578947368421, 0.6206896551724138, 0.6324786324786325, 0.6216216216216216, 0.6228070175438597, 0.6396396396396397, 0.6216216216216216, 0.6106194690265486, 0.6260869565217392, 0.6460176991150443]


NB:0.626(0.003)
[0.6271186440677966, 0.6239316239316239, 0.6271186440677966, 0.6293103448275862, 0.6324786324786325, 0.6293103448275862, 0.6239316239316239, 0.6239316239316239, 0.6239316239316239, 0.6239316239316239]


SVM:0.627(0.004)
[0.6271186440677966, 0.6271186440677966, 0.6271186440677966, 0.6324786324786325, 0.6324786324786325, 0.6324786324786325, 0.6239316239316239, 0.6239316239316239, 0.6239316239316239, 0.6239316239316239]


RF:0.629(0.006)
[0.6324786324786325, 0.6206896551724138, 0.6347826086956522, 0.6228070175438597, 0.6293103448275862, 0.6371681415929203, 0.6293103448275862, 0.6206896551724138, 0.6260869565217392, 0.6347826086956522]


