
precision
LR:0.627(0.004)
[0.6271186440677966, 0.6271186440677966, 0.6271186440677966, 0.6324786324786325, 0.6324786324786325, 0.6324786324786325, 0.6239316239316239, 0.6239316239316239, 0.6239316239316239, 0.6239316239316239]


LDA:0.632(0.166)
[0.52, 0.75, 0.3333333333333333, 0.6283185840707964, 0.5, 0.6355140186915887, 0.6160714285714286, 0.7142857142857143, 1.0, 0.6194690265486725]


KNN:0.623(0.028)
[0.6309523809523809, 0.6666666666666666, 0.6046511627906976, 0.5806451612903226, 0.6091954022988506, 0.6813186813186813, 0.6140350877192983, 0.6145833333333334, 0.6179775280898876, 0.6071428571428571]


CART:0.621(0.008)
[0.6260869565217392, 0.6173913043478261, 0.6228070175438597, 0.6160714285714286, 0.625, 0.631578947368421, 0.6283185840707964, 0.6140350877192983, 0.6206896551724138, 0.6036036036036037]


NB:0.626(0.003)
[0.6228070175438597, 0.6271186440677966, 0.6271186440677966, 0.6293103448275862, 0.6324786324786325, 0.6260869565217392, 0.6239316239316239, 0.6206896551724138, 0.6239316239316239, 0.6239316239316239]


SVM:0.627(0.004)
[0.6206896551724138, 0.6271186440677966, 0.6271186440677966, 0.6324786324786325, 0.6324786324786325, 0.6324786324786325, 0.6239316239316239, 0.6239316239316239, 0.6239316239316239, 0.6239316239316239]


RF:0.622(0.003)
[0.6260869565217392, 0.6206896551724138, 0.6260869565217392, 0.6194690265486725, 0.6260869565217392, 0.6260869565217392, 0.6173913043478261, 0.6206896551724138, 0.6206896551724138, 0.6206896551724138]


