
accuracy
LR:0.627(0.004)
[0.6271186440677966, 0.6271186440677966, 0.6271186440677966, 0.6324786324786325, 0.6324786324786325, 0.6324786324786325, 0.6239316239316239, 0.6239316239316239, 0.6239316239316239, 0.6239316239316239]


LDA:0.473(0.111)
[0.3813559322033898, 0.3898305084745763, 0.3644067796610169, 0.6153846153846154, 0.36752136752136755, 0.6153846153846154, 0.5982905982905983, 0.4017094017094017, 0.39316239316239315, 0.6068376068376068]


KNN:0.558(0.051)
[0.559322033898305, 0.6101694915254238, 0.5254237288135594, 0.452991452991453, 0.5299145299145299, 0.6495726495726496, 0.5982905982905983, 0.5641025641025641, 0.5555555555555556, 0.5299145299145299]


CART:0.604(0.013)
[0.6101694915254238, 0.6016949152542372, 0.6101694915254238, 0.5897435897435898, 0.6068376068376068, 0.6153846153846154, 0.6068376068376068, 0.6153846153846154, 0.6153846153846154, 0.5726495726495726]


NB:0.622(0.006)
[0.6101694915254238, 0.6271186440677966, 0.6271186440677966, 0.6239316239316239, 0.6324786324786325, 0.6153846153846154, 0.6239316239316239, 0.6153846153846154, 0.6239316239316239, 0.6239316239316239]


SVM:0.626(0.006)
[0.6101694915254238, 0.6271186440677966, 0.6271186440677966, 0.6324786324786325, 0.6324786324786325, 0.6324786324786325, 0.6239316239316239, 0.6239316239316239, 0.6239316239316239, 0.6239316239316239]


RF:0.614(0.007)
[0.6186440677966102, 0.6101694915254238, 0.6186440677966102, 0.6068376068376068, 0.6239316239316239, 0.6153846153846154, 0.5982905982905983, 0.6153846153846154, 0.6153846153846154, 0.6153846153846154]


