
f1
LR:0.771(0.003)
[0.7708333333333333, 0.7708333333333333, 0.7708333333333333, 0.7748691099476439, 0.7748691099476439, 0.7748691099476439, 0.768421052631579, 0.768421052631579, 0.768421052631579, 0.768421052631579]


LDA:0.358(0.328)
[0.26262626262626265, 0.07692307692307693, 0.025974025974025972, 0.7593582887700534, 0.026315789473684213, 0.7513812154696133, 0.7459459459459459, 0.125, 0.05333333333333332, 0.7526881720430106]


KNN:0.674(0.060)
[0.6708860759493671, 0.7088607594936708, 0.6499999999999999, 0.5294117647058824, 0.6583850931677019, 0.7515151515151516, 0.7486631016042781, 0.6982248520710059, 0.6790123456790124, 0.6496815286624203]


CART:0.750(0.008)
[0.7513227513227514, 0.7578947368421053, 0.7553191489361701, 0.7351351351351352, 0.7526881720430108, 0.7486631016042781, 0.75, 0.7486631016042781, 0.761904761904762, 0.7351351351351352]


NB:0.767(0.005)
[0.7553191489361701, 0.7708333333333333, 0.7708333333333333, 0.7684210526315789, 0.7748691099476439, 0.7619047619047619, 0.768421052631579, 0.761904761904762, 0.768421052631579, 0.768421052631579]


SVM:0.770(0.005)
[0.7578947368421053, 0.7708333333333333, 0.7708333333333333, 0.7748691099476439, 0.7748691099476439, 0.7748691099476439, 0.768421052631579, 0.768421052631579, 0.768421052631579, 0.768421052631579]


RF:0.759(0.008)
[0.7619047619047619, 0.7578947368421053, 0.7684210526315789, 0.7419354838709677, 0.7684210526315789, 0.7619047619047619, 0.7486631016042781, 0.7553191489361702, 0.768421052631579, 0.761904761904762]


