
recall
LR:1.000(0.000)
[1.0, 1.0, 1.0, 1.0, 1.0, 1.0, 1.0, 1.0, 1.0, 1.0]


LDA:0.412(0.438)
[0.17567567567567569, 0.04054054054054054, 0.013513513513513514, 0.9594594594594594, 0.013513513513513514, 0.918918918918919, 0.9452054794520548, 0.0684931506849315, 0.0273972602739726, 0.958904109589041]


KNN:0.744(0.114)
[0.7162162162162162, 0.7567567567567568, 0.7027027027027027, 0.4864864864864865, 0.7162162162162162, 0.8378378378378378, 0.958904109589041, 0.8082191780821918, 0.7534246575342466, 0.6986301369863014]


CART:0.954(0.019)
[0.9594594594594594, 0.9594594594594594, 0.9594594594594594, 0.9324324324324325, 0.9459459459459459, 0.972972972972973, 0.9452054794520548, 0.958904109589041, 0.9863013698630136, 0.9178082191780822]


NB:0.991(0.014)
[0.9594594594594594, 1.0, 1.0, 0.9864864864864865, 1.0, 0.972972972972973, 1.0, 0.9863013698630136, 1.0, 1.0]


SVM:0.997(0.008)
[0.972972972972973, 1.0, 1.0, 1.0, 1.0, 1.0, 1.0, 1.0, 1.0, 1.0]


RF:0.971(0.009)
[0.972972972972973, 0.972972972972973, 0.9594594594594594, 0.9594594594594594, 0.9864864864864865, 0.972972972972973, 0.9726027397260274, 0.9726027397260274, 0.9863013698630136, 0.958904109589041]


