
precision
LR:0.000(0.000)
[0.0, 0.0, 0.0, 0.0, 0.0, 0.0, 0.0, 0.0, 0.0, 0.0]


LDA:0.712(0.120)
[0.6, 0.8, 1.0, 0.6063829787234043, 0.72, 0.7368421052631579, 0.75, 0.6666666666666666, 0.5555555555555556, 0.6818181818181818]


KNN:0.652(0.016)
[0.6421052631578947, 0.6666666666666666, 0.6708860759493671, 0.6375, 0.6590909090909091, 0.6666666666666666, 0.6547619047619048, 0.6593406593406593, 0.648936170212766, 0.6133333333333333]


CART:0.629(0.023)
[0.6309523809523809, 0.6333333333333333, 0.6404494382022472, 0.6344086021505376, 0.6739130434782609, 0.5955056179775281, 0.611764705882353, 0.6309523809523809, 0.6463414634146342, 0.589041095890411]


NB:0.627(0.004)
[0.6271186440677966, 0.6271186440677966, 0.6271186440677966, 0.6324786324786325, 0.6324786324786325, 0.6324786324786325, 0.6239316239316239, 0.6239316239316239, 0.6239316239316239, 0.6239316239316239]


SVM:0.627(0.004)
[0.6271186440677966, 0.6271186440677966, 0.6271186440677966, 0.6324786324786325, 0.6324786324786325, 0.6324786324786325, 0.6239316239316239, 0.6239316239316239, 0.6239316239316239, 0.6239316239316239]


RF:0.629(0.019)
[0.6021505376344086, 0.63, 0.6464646464646465, 0.6354166666666666, 0.6504854368932039, 0.6, 0.6373626373626373, 0.6333333333333333, 0.651685393258427, 0.6075949367088608]


