
recall
LR:0.000(0.000)
[0.0, 0.0, 0.0, 0.0, 0.0, 0.0, 0.0, 0.0, 0.0, 0.0]


LDA:0.169(0.214)
[0.04054054054054054, 0.05405405405405406, 0.02702702702702703, 0.7702702702702703, 0.24324324324324326, 0.1891891891891892, 0.0410958904109589, 0.0547945205479452, 0.0684931506849315, 0.2054794520547945]


KNN:0.765(0.064)
[0.8243243243243243, 0.7837837837837838, 0.7162162162162162, 0.6891891891891891, 0.7837837837837838, 0.8108108108108109, 0.7534246575342466, 0.821917808219178, 0.8356164383561644, 0.6301369863013698]


CART:0.731(0.059)
[0.7027027027027027, 0.7837837837837838, 0.7837837837837838, 0.7972972972972973, 0.7837837837837838, 0.7162162162162162, 0.7123287671232876, 0.7123287671232876, 0.726027397260274, 0.589041095890411]


NB:1.000(0.000)
[1.0, 1.0, 1.0, 1.0, 1.0, 1.0, 1.0, 1.0, 1.0, 1.0]


SVM:1.000(0.000)
[1.0, 1.0, 1.0, 1.0, 1.0, 1.0, 1.0, 1.0, 1.0, 1.0]


RF:0.804(0.051)
[0.7702702702702703, 0.8783783783783784, 0.8378378378378378, 0.8783783783783784, 0.7837837837837838, 0.8243243243243243, 0.7808219178082192, 0.7808219178082192, 0.8082191780821918, 0.6986301369863014]


