
f1
LR:0.000(0.000)
[0.0, 0.0, 0.0, 0.0, 0.0, 0.0, 0.0, 0.0, 0.0, 0.0]


LDA:0.219(0.188)
[0.0759493670886076, 0.10126582278481013, 0.052631578947368425, 0.6785714285714286, 0.3636363636363637, 0.3010752688172043, 0.07792207792207792, 0.10126582278481013, 0.1219512195121951, 0.31578947368421045]


KNN:0.703(0.034)
[0.7218934911242604, 0.7204968944099379, 0.6928104575163399, 0.6623376623376622, 0.7160493827160493, 0.7317073170731707, 0.7006369426751592, 0.7317073170731707, 0.7305389221556887, 0.6216216216216216]


CART:0.673(0.032)
[0.6624203821656051, 0.6951219512195123, 0.6875, 0.703030303030303, 0.7195121951219513, 0.654320987654321, 0.6496815286624203, 0.6794871794871795, 0.6838709677419356, 0.598639455782313]


NB:0.771(0.003)
[0.7708333333333333, 0.7708333333333333, 0.7708333333333333, 0.7748691099476439, 0.7748691099476439, 0.7748691099476439, 0.768421052631579, 0.768421052631579, 0.768421052631579, 0.768421052631579]


SVM:0.771(0.003)
[0.7708333333333333, 0.7708333333333333, 0.7708333333333333, 0.7748691099476439, 0.7748691099476439, 0.7748691099476439, 0.768421052631579, 0.768421052631579, 0.768421052631579, 0.768421052631579]


RF:0.709(0.036)
[0.6666666666666667, 0.7314285714285713, 0.7337278106508875, 0.7444444444444444, 0.7499999999999999, 0.6896551724137931, 0.7303370786516854, 0.7023809523809524, 0.7065868263473053, 0.631578947368421]


