
accuracy
LR:0.373(0.004)
[0.3728813559322034, 0.3728813559322034, 0.3728813559322034, 0.36752136752136755, 0.36752136752136755, 0.36752136752136755, 0.37606837606837606, 0.37606837606837606, 0.37606837606837606, 0.37606837606837606]


LDA:0.423(0.047)
[0.3813559322033898, 0.3983050847457627, 0.3898305084745763, 0.5384615384615384, 0.46153846153846156, 0.4444444444444444, 0.39316239316239315, 0.39316239316239315, 0.38461538461538464, 0.4444444444444444]


KNN:0.597(0.031)
[0.6016949152542372, 0.6186440677966102, 0.6016949152542372, 0.5555555555555556, 0.6068376068376068, 0.6239316239316239, 0.5982905982905983, 0.6239316239316239, 0.6153846153846154, 0.5213675213675214]


CART:0.558(0.038)
[0.5508474576271186, 0.6016949152542372, 0.576271186440678, 0.5641025641025641, 0.5982905982905983, 0.49572649572649574, 0.5384615384615384, 0.5811965811965812, 0.5897435897435898, 0.48717948717948717]


NB:0.627(0.004)
[0.6271186440677966, 0.6271186440677966, 0.6271186440677966, 0.6324786324786325, 0.6324786324786325, 0.6324786324786325, 0.6239316239316239, 0.6239316239316239, 0.6239316239316239, 0.6239316239316239]


SVM:0.627(0.004)
[0.6271186440677966, 0.6271186440677966, 0.6271186440677966, 0.6324786324786325, 0.6324786324786325, 0.6324786324786325, 0.6239316239316239, 0.6239316239316239, 0.6239316239316239, 0.6239316239316239]


RF:0.582(0.036)
[0.5508474576271186, 0.6271186440677966, 0.6016949152542372, 0.6153846153846154, 0.5982905982905983, 0.5213675213675214, 0.6068376068376068, 0.5811965811965812, 0.5982905982905983, 0.5213675213675214]


