
accuracy
LR:0.373(0.004)
[0.3728813559322034, 0.3728813559322034, 0.3728813559322034, 0.36752136752136755, 0.36752136752136755, 0.36752136752136755, 0.37606837606837606, 0.37606837606837606, 0.37606837606837606, 0.37606837606837606]


LDA:0.570(0.045)
[0.5338983050847458, 0.5932203389830508, 0.6101694915254238, 0.46153846153846156, 0.5811965811965812, 0.6153846153846154, 0.5384615384615384, 0.5982905982905983, 0.5726495726495726, 0.5982905982905983]


KNN:0.565(0.043)
[0.559322033898305, 0.6101694915254238, 0.5254237288135594, 0.5470085470085471, 0.5641025641025641, 0.48717948717948717, 0.6068376068376068, 0.6324786324786325, 0.5299145299145299, 0.5897435897435898]


CART:0.554(0.049)
[0.5508474576271186, 0.4915254237288136, 0.5, 0.5555555555555556, 0.6068376068376068, 0.6068376068376068, 0.5811965811965812, 0.47863247863247865, 0.5470085470085471, 0.6239316239316239]


NB:0.374(0.006)
[0.3728813559322034, 0.3728813559322034, 0.3813559322033898, 0.36752136752136755, 0.37606837606837606, 0.36752136752136755, 0.36752136752136755, 0.38461538461538464, 0.37606837606837606, 0.37606837606837606]


SVM:0.627(0.004)
[0.6271186440677966, 0.6271186440677966, 0.6271186440677966, 0.6324786324786325, 0.6324786324786325, 0.6324786324786325, 0.6239316239316239, 0.6239316239316239, 0.6239316239316239, 0.6239316239316239]


RF:0.631(0.051)
[0.5677966101694916, 0.6186440677966102, 0.6779661016949152, 0.6324786324786325, 0.7350427350427351, 0.6495726495726496, 0.6495726495726496, 0.5470085470085471, 0.6324786324786325, 0.5982905982905983]


