
recall
LR:0.000(0.000)
[0.0, 0.0, 0.0, 0.0, 0.0, 0.0, 0.0, 0.0, 0.0, 0.0]


LDA:0.734(0.144)
[0.5540540540540541, 0.7972972972972973, 0.7567567567567568, 0.40540540540540543, 0.7972972972972973, 0.8378378378378378, 0.7123287671232876, 0.821917808219178, 0.726027397260274, 0.9315068493150684]


KNN:0.715(0.042)
[0.6891891891891891, 0.7702702702702703, 0.6486486486486487, 0.6891891891891891, 0.7702702702702703, 0.6756756756756757, 0.726027397260274, 0.7671232876712328, 0.684931506849315, 0.726027397260274]


CART:0.660(0.044)
[0.6216216216216216, 0.6351351351351351, 0.5945945945945946, 0.6891891891891891, 0.6621621621621622, 0.6351351351351351, 0.726027397260274, 0.6301369863013698, 0.6712328767123288, 0.7397260273972602]


NB:0.004(0.006)
[0.0, 0.0, 0.013513513513513514, 0.0, 0.013513513513513514, 0.0, 0.0, 0.0136986301369863, 0.0, 0.0]


SVM:1.000(0.000)
[1.0, 1.0, 1.0, 1.0, 1.0, 1.0, 1.0, 1.0, 1.0, 1.0]


RF:0.825(0.046)
[0.7432432432432432, 0.7837837837837838, 0.7972972972972973, 0.8243243243243243, 0.8378378378378378, 0.8648648648648649, 0.9178082191780822, 0.8082191780821918, 0.863013698630137, 0.8082191780821918]


