
f1
LR:0.000(0.000)
[0.0, 0.0, 0.0, 0.0, 0.0, 0.0, 0.0, 0.0, 0.0, 0.0]


LDA:0.675(0.074)
[0.5985401459854015, 0.7108433734939757, 0.7088607594936708, 0.4878048780487805, 0.7065868263473054, 0.7337278106508875, 0.6582278481012659, 0.7185628742514969, 0.6794871794871795, 0.7431693989071038]


KNN:0.673(0.032)
[0.6623376623376622, 0.7124999999999999, 0.631578947368421, 0.6580645161290323, 0.690909090909091, 0.6250000000000001, 0.6973684210526316, 0.7225806451612903, 0.6451612903225806, 0.6883116883116883]


CART:0.661(0.027)
[0.6573426573426574, 0.6883116883116882, 0.6142857142857142, 0.6533333333333333, 0.6979865771812082, 0.6712328767123288, 0.68, 0.6216216216216216, 0.6802721088435374, 0.6433566433566433]


NB:0.008(0.012)
[0.0, 0.0, 0.026666666666666665, 0.0, 0.026666666666666665, 0.0, 0.0, 0.027027027027027025, 0.0, 0.0]


SVM:0.771(0.003)
[0.7708333333333333, 0.7708333333333333, 0.7708333333333333, 0.7748691099476439, 0.7748691099476439, 0.7748691099476439, 0.768421052631579, 0.768421052631579, 0.768421052631579, 0.768421052631579]


RF:0.738(0.034)
[0.6797385620915033, 0.7051282051282052, 0.7721518987341773, 0.7664670658682636, 0.7777777777777778, 0.7602339181286549, 0.7586206896551725, 0.6867469879518072, 0.7411764705882353, 0.7317073170731707]


