
precision
LR:0.000(0.000)
[0.0, 0.0, 0.0, 0.0, 0.0, 0.0, 0.0, 0.0, 0.0, 0.0]


LDA:0.636(0.017)
[0.6507936507936508, 0.6413043478260869, 0.6666666666666666, 0.6122448979591837, 0.6344086021505376, 0.6526315789473685, 0.611764705882353, 0.6382978723404256, 0.6385542168674698, 0.6181818181818182]


KNN:0.637(0.029)
[0.6375, 0.6627906976744186, 0.6153846153846154, 0.6296296296296297, 0.6263736263736264, 0.5813953488372093, 0.6708860759493671, 0.6829268292682927, 0.6097560975609756, 0.654320987654321]


CART:0.662(0.030)
[0.676056338028169, 0.6753246753246753, 0.6086956521739131, 0.6623376623376623, 0.6901408450704225, 0.6521739130434783, 0.68, 0.6052631578947368, 0.6883116883116883, 0.684931506849315]


NB:0.300(0.458)
[0.0, 0.0, 1.0, 0.0, 1.0, 0.0, 0.0, 1.0, 0.0, 0.0]


SVM:0.627(0.004)
[0.6271186440677966, 0.6271186440677966, 0.6271186440677966, 0.6324786324786325, 0.6324786324786325, 0.6324786324786325, 0.6239316239316239, 0.6239316239316239, 0.6239316239316239, 0.6239316239316239]


RF:0.660(0.035)
[0.6375, 0.6705882352941176, 0.7058823529411765, 0.6559139784946236, 0.7282608695652174, 0.6565656565656566, 0.6464646464646465, 0.5913978494623656, 0.6565656565656566, 0.651685393258427]


